***************************
Combined method result as a baseline:
Order from the graph produced by the combined method:
[[8, 2, 1, 7, 6, 4, 3, 5], [6, 5, 4, 3, 2, 1, 7], [10, 13, 12, 5, 4, 14, 6, 3, 15, 7, 2, 16, 8, 1, 9, 11], [9, 4, 10, 14, 20, 2, 22, 24, 16, 13, 5, 11, 23, 17, 25, 3, 15, 21, 6, 12, 18, 7, 1, 26, 19, 8], [10, 4, 11, 16, 22, 2, 24, 26, 18, 15, 5, 12, 25, 19, 27, 3, 17, 23, 6, 13, 20, 7, 1, 14, 9, 28, 21, 8], [13, 7, 14, 18, 8, 15, 19, 9, 4, 1, 16, 10, 5, 6, 3, 2, 17, 20, 12, 11], [2, 5, 1, 4, 3]]
Weighted crossing:  146.76999999999995
Crossing:  279.0
***************************
Stage 1 result:
Order produced:
[[8, 1, 6, 2, 7, 4, 5, 3], [5, 3, 4, 6, 2, 7, 1], [5, 13, 12, 7, 15, 3, 4, 6, 10, 14, 16, 8, 2, 11, 1, 9], [4, 9, 11, 6, 21, 15, 17, 25, 3, 23, 16, 24, 2, 22, 14, 13, 20, 10, 12, 5, 7, 18, 1, 26, 19, 8], [4, 10, 23, 12, 6, 19, 17, 27, 25, 3, 2, 18, 26, 24, 16, 15, 22, 13, 11, 5, 20, 7, 14, 1, 9, 28, 21, 8], [7, 13, 15, 9, 19, 5, 4, 18, 2, 14, 16, 1, 8, 3, 10, 6, 20, 17, 12, 11], [2, 5, 3, 4, 1]]
Weighted crossing:  124.64999999999998
Crossing:  237.0
***************************
Stage 2 result:
Order produced:
[[8, 6, 1, 7, 2, 4, 5, 3], [5, 3, 4, 6, 2, 7, 1], [13, 5, 15, 7, 14, 3, 12, 4, 6, 16, 10, 2, 8, 11, 1, 9], [9, 11, 4, 10, 21, 6, 15, 20, 23, 3, 14, 17, 12, 25, 22, 2, 16, 24, 13, 5, 18, 1, 19, 7, 26, 8], [10, 12, 11, 23, 22, 4, 17, 13, 6, 16, 25, 3, 14, 19, 24, 2, 27, 18, 26, 20, 1, 15, 21, 5, 28, 9, 7, 8], [13, 15, 14, 16, 4, 17, 19, 18, 7, 9, 20, 5, 1, 3, 6, 2, 8, 12, 10, 11], [2, 5, 3, 4, 1]]
Weighted crossing:  82.79
Crossing:  157.0
Min achievd at the 35-th iteration.
***************************
