***************************
BC method result as a baseline:
Order from the graph produced by the BC method:
[[2, 4, 3, 1, 5], [3, 12, 10, 6, 4, 2, 5, 17, 8, 16, 11, 14, 9, 15, 1, 7, 13], [16, 15, 7, 17, 10, 14, 2, 1, 19, 13, 18, 9, 12, 20, 8, 11, 22, 24, 5, 23, 27, 6, 28, 26, 21, 3, 25, 4, 29], [1, 2, 3, 4]]
Weighted crossing:  1220.0699999999997
Crossing:  322.0
***************************
ILP method result as a baseline:
Order from the graph produced by the ILP method:
[[1, 5, 3, 2, 4], [1, 9, 8, 11, 13, 7, 4, 15, 16, 14, 17, 6, 3, 10, 12, 2, 5], [26, 28, 27, 29, 23, 22, 24, 25, 21, 6, 11, 4, 5, 3, 9, 12, 8, 13, 17, 10, 7, 18, 15, 1, 16, 14, 2, 19, 20], [4, 3, 2, 1]]
Weighted crossing:  156.64
Crossing:  125.0
***************************
Stage 1 result:
Order produced:
[[1, 5, 2, 3, 4], [11, 1, 8, 9, 7, 13, 4, 12, 10, 3, 6, 17, 16, 14, 15, 5, 2], [26, 24, 27, 22, 28, 23, 21, 29, 25, 6, 16, 1, 2, 14, 11, 18, 15, 17, 8, 10, 7, 9, 13, 12, 3, 5, 4, 20, 19], [4, 3, 1, 2]]
Weighted crossing:  331.13000000000005
Crossing:  143.0
***************************
Stage 2 result:
Order produced:
[[1, 5, 2, 3, 4], [1, 11, 8, 9, 7, 13, 4, 12, 10, 3, 6, 17, 16, 14, 15, 5, 2], [26, 27, 28, 24, 29, 22, 23, 21, 25, 6, 11, 16, 2, 18, 14, 1, 15, 7, 17, 10, 8, 13, 9, 12, 5, 3, 4, 20, 19], [4, 3, 1, 2]]
Weighted crossing:  269.2099999999999
Crossing:  127.0
Min achievd at the 0-th iteration.
***************************
